5.59233E-07
5.49363E-07
6.17638E-07
5.07928E-07
4.81637E-07
6.13271E-07
5.06463E-07
5.10231E-07
5.2531E-07
5.42176E-07
5.75562E-07
5.68733E-07
5.75523E-07
5.35927E-07
5.50491E-07
5.59779E-07
6.2648E-07
4.94585E-07
5.31537E-07
5.37508E-07
5.24693E-07
5.34336E-07
5.80384E-07
5.1864E-07
5.30938E-07
5.07389E-07
5.31983E-07
5.34264E-07
5.16792E-07
4.56263E-07
5.49253E-07
5.57583E-07
5.4858E-07
5.33459E-07
5.56786E-07
5.30837E-07
5.38452E-07
5.66717E-07
5.99127E-07
5.61629E-07
5.42329E-07
5.36511E-07
5.07853E-07
6.40485E-07
5.80497E-07
5.25552E-07
5.2864E-07
5.45988E-07
6.13429E-07
6.02531E-07
5.71151E-07
5.66119E-07
5.59552E-07
5.31275E-07
5.48376E-07
5.55733E-07
5.35222E-07
5.72508E-07
5.66033E-07
5.30905E-07
5.74038E-07
5.64341E-07
6.3676E-07
6.00216E-07
5.18914E-07
5.44329E-07
6.2739E-07
5.90601E-07
4.654E-07
5.08549E-07
5.29256E-07
5.6261E-07
5.75304E-07
5.56807E-07
5.07922E-07
5.84204E-07
5.25131E-07
5.72419E-07
5.409E-07
6.01859E-07
6.06469E-07
5.56095E-07
4.94913E-07
5.93895E-07
5.65701E-07
6.00427E-07
6.03134E-07
5.40989E-07
5.85706E-07
4.98802E-07
5.99529E-07
5.4392E-07
5.21182E-07
7.41924E-07
1.47767E-06
4.99141E-06
1.55958E-05
4.36831E-05
0.000104674
0.000224926
0.000440337
0.000790637
0.00135904
0.002135435
0.003154307
0.004423219
0.005992597
0.0077585
0.009614601
0.011377728
0.012777619
0.013618708
0.013748228
0.013105063
0.011904032
0.010424409
0.008828716
0.007407551
0.006200402
0.005175102
0.004363012
0.003706411
0.003152601
0.002725538
0.002385817
0.002075438
0.00180949
0.001582147
0.00139231
0.001222823
0.001079182
0.000911908
0.000806156
0.000710393
0.00062682
0.000552175
0.000487534
0.000430036
0.000383617
0.000338595
0.00030074
0.000262929
0.000235164
0.000207907
0.000183736
0.000165001
0.000145135
0.000129868
0.000115981
0.000102468
9.03967E-05
8.24066E-05
7.4091E-05
6.64946E-05
5.99244E-05
5.33958E-05
4.8899E-05
4.47284E-05
4.08182E-05
3.70456E-05
3.31243E-05
3.05734E-05
2.82215E-05
2.58813E-05
2.28441E-05
2.22069E-05
1.93481E-05
1.89518E-05
1.71271E-05
1.60583E-05
1.49207E-05
1.42397E-05
1.26072E-05
1.20356E-05
1.1533E-05
1.03957E-05
9.90371E-06
9.83972E-06
9.47195E-06
8.74806E-06
8.46642E-06
8.12705E-06
7.32944E-06
7.13264E-06
7.01076E-06
6.70305E-06
6.31108E-06
6.04071E-06
5.99824E-06
5.86387E-06
5.79775E-06
5.29026E-06
5.59097E-06
5.08273E-06
4.91828E-06
4.88804E-06
4.87475E-06
4.57457E-06
4.48313E-06
4.55664E-06
4.12592E-06
4.31515E-06
3.9447E-06
4.21297E-06
4.22192E-06
3.64888E-06
3.727E-06
3.68005E-06
3.47999E-06
3.59073E-06
3.63042E-06
3.62987E-06
3.56134E-06
3.49994E-06
3.41712E-06
3.39939E-06
3.45128E-06
3.07122E-06
3.06112E-06
3.02091E-06
3.00695E-06
2.98267E-06
3.13507E-06
2.94768E-06
3.00739E-06
2.98929E-06
2.81106E-06
2.7327E-06
2.73686E-06
2.59528E-06
2.69486E-06
2.62786E-06
2.76152E-06
2.60796E-06
2.68495E-06
2.52784E-06
2.37402E-06
2.60359E-06
2.2977E-06
2.26157E-06
2.40266E-06
2.52158E-06
2.33607E-06
2.42723E-06
2.37079E-06
2.2674E-06
2.42435E-06
2.23066E-06
2.06828E-06
2.35522E-06
2.05637E-06
2.16212E-06
2.09591E-06
1.9658E-06
2.0377E-06
2.02803E-06
1.94421E-06
2.13015E-06
2.04533E-06
2.01846E-06
1.93979E-06
2.04348E-06
2.14261E-06
1.91864E-06
2.00226E-06
1.74162E-06
1.83958E-06
1.72797E-06
1.91871E-06
1.88863E-06
2.01617E-06
1.8366E-06
1.80343E-06
1.73316E-06
1.86502E-06
1.89963E-06
1.90713E-06
1.88617E-06
1.74747E-06
1.71679E-06
1.72669E-06
1.85248E-06
1.78813E-06
1.73495E-06
1.7446E-06
1.63998E-06
1.64427E-06
1.78932E-06
1.72565E-06
1.56971E-06
1.71497E-06
1.64946E-06
1.79398E-06
1.7052E-06
1.63151E-06
1.48491E-06
1.72001E-06
1.49447E-06
1.65328E-06
1.58947E-06
1.60402E-06
1.58065E-06
1.51971E-06
1.55503E-06
1.48874E-06
1.43654E-06
1.42682E-06
1.38248E-06
1.57554E-06
1.38105E-06
1.34524E-06
1.56647E-06
1.41624E-06
1.25612E-06
1.60627E-06
1.37903E-06
1.38838E-06
1.52191E-06
1.38389E-06
1.27255E-06
1.19179E-06
1.33839E-06
1.37308E-06
1.43698E-06
1.2497E-06
1.46632E-06
1.39073E-06
1.26711E-06
1.37293E-06
1.26843E-06
1.42782E-06
1.22473E-06
1.38702E-06
1.44225E-06
1.25668E-06
1.33844E-06
1.30131E-06
1.27196E-06
1.38364E-06
1.37093E-06
1.25432E-06
1.32181E-06
1.1953E-06
1.22938E-06
1.20699E-06
1.25335E-06
1.31988E-06
1.10215E-06
1.26315E-06
1.34453E-06
1.30933E-06
1.32164E-06
1.21069E-06
1.24298E-06
1.17399E-06
1.26007E-06
1.20121E-06
1.17565E-06
1.229E-06
1.25793E-06
1.29341E-06
1.23299E-06
1.38394E-06
1.21693E-06
1.13527E-06
1.24228E-06
1.2626E-06
1.16596E-06
1.09483E-06
1.12894E-06
1.24086E-06
1.20231E-06
1.20522E-06
1.12326E-06
1.21649E-06
1.0829E-06
9.98635E-07
1.24543E-06
1.13414E-06
1.17396E-06
1.25103E-06
9.40874E-07
1.17533E-06
1.18766E-06
1.10591E-06
1.19634E-06
1.02887E-06
1.14177E-06
1.10428E-06
1.16433E-06
9.73504E-07
1.02622E-06
1.23696E-06
1.11345E-06
1.12376E-06
1.04992E-06
1.16219E-06
1.05781E-06
1.02832E-06
9.55119E-07
1.16375E-06
1.06619E-06
1.13808E-06
1.09452E-06
1.00134E-06
1.10051E-06
9.53164E-07
1.06134E-06
9.81217E-07
1.06862E-06
1.01939E-06
9.79417E-07
1.01061E-06
1.09691E-06
1.02394E-06
1.06836E-06
1.07258E-06
1.22267E-06
1.0346E-06
1.09677E-06
1.09004E-06
1.02774E-06
9.58456E-07
9.62427E-07
1.12241E-06
1.13206E-06
1.07289E-06
9.80442E-07
9.91162E-07
1.00307E-06
1.03309E-06
1.05202E-06
9.74345E-07
9.23947E-07
1.00406E-06
9.614E-07
9.62233E-07
9.84755E-07
9.98106E-07
1.00976E-06
1.02445E-06
9.61966E-07
9.14994E-07
1.07273E-06
1.03257E-06
8.87084E-07
9.51133E-07
1.02659E-06
9.20784E-07
8.83205E-07
1.02212E-06
1.08276E-06
9.38967E-07
9.2046E-07
1.01634E-06
1.07399E-06
9.82223E-07
9.19599E-07
9.66558E-07
9.18152E-07
1.0313E-06
9.30337E-07
8.90581E-07
8.75222E-07
9.98669E-07
9.63561E-07
8.82523E-07
8.78209E-07
9.66779E-07
1.07497E-06
9.01212E-07
9.38102E-07
9.62603E-07
9.99124E-07
9.41253E-07
8.90841E-07
9.21206E-07
9.25613E-07
9.53786E-07
8.42182E-07
8.90337E-07
1.03165E-06
9.30094E-07
1.01093E-06
9.38667E-07
7.97094E-07
8.92339E-07
1.05361E-06
8.54286E-07
9.21646E-07
8.58959E-07
9.30894E-07
8.36702E-07
8.57712E-07
9.08771E-07
8.5071E-07
9.47618E-07
9.13331E-07
9.18701E-07
8.63862E-07
9.18042E-07
8.7985E-07
8.83308E-07
7.5469E-07
8.51685E-07
9.52071E-07
1.01582E-06
9.63067E-07
9.81791E-07
9.71624E-07
8.61271E-07
7.97372E-07
7.57987E-07
7.84192E-07
8.87283E-07
9.84517E-07
8.31535E-07
8.43408E-07
8.98721E-07
8.64362E-07
8.63046E-07
7.97413E-07
7.92754E-07
8.78482E-07
9.54025E-07
8.86659E-07
9.55494E-07
8.54007E-07
7.95163E-07
9.39977E-07
8.38917E-07
8.47201E-07
8.01254E-07
8.82222E-07
8.53323E-07
8.14732E-07
8.10803E-07
8.05817E-07
7.92875E-07
8.25487E-07
8.61817E-07
8.03322E-07
8.74184E-07
8.49487E-07
8.67195E-07
8.99706E-07
9.08022E-07
8.68228E-07
9.61168E-07
8.31873E-07
8.56355E-07
8.48566E-07
8.46862E-07
8.45087E-07
8.3706E-07
8.28927E-07
8.36781E-07
9.19688E-07
8.06725E-07
9.03034E-07
8.14301E-07
8.44205E-07
7.99106E-07
8.43025E-07
7.83537E-07
7.99454E-07
9.31422E-07
8.903E-07
8.28681E-07
8.05631E-07
8.57399E-07
8.76361E-07
8.88589E-07
8.69868E-07
8.94167E-07
7.99492E-07
8.88172E-07
7.63893E-07
8.65831E-07
8.04087E-07
8.77764E-07
7.84277E-07
7.76352E-07
8.59393E-07
8.02234E-07
8.0433E-07
8.96942E-07
9.53072E-07
9.00407E-07
8.12157E-07
9.12742E-07
8.51902E-07
8.18694E-07
7.75807E-07
8.1054E-07
8.32136E-07
9.20696E-07
8.87119E-07
9.13193E-07
8.25299E-07
7.73681E-07
8.21207E-07
8.8014E-07
9.35796E-07
8.50995E-07
7.64502E-07
7.70911E-07
8.34243E-07
7.10623E-07
9.0375E-07
7.15596E-07
8.01003E-07
8.45941E-07
8.10107E-07
7.15879E-07
7.17262E-07
8.60604E-07
7.25443E-07
7.85944E-07
7.34611E-07
7.72478E-07
8.69956E-07
8.71913E-07
8.35398E-07
7.60239E-07
7.77113E-07
7.87173E-07
8.01133E-07
7.69379E-07
8.87186E-07
8.94626E-07
7.76923E-07
7.74244E-07
8.4929E-07
8.16268E-07
7.97913E-07
8.36838E-07
8.21729E-07
7.49362E-07
7.27E-07
7.80084E-07
7.49846E-07
8.75023E-07
6.9626E-07
7.04046E-07
8.26598E-07
7.66948E-07
8.18436E-07
7.17262E-07
8.07409E-07
7.87179E-07
8.00339E-07
7.81061E-07
8.65189E-07
7.54384E-07
7.95438E-07
7.51094E-07
8.07699E-07
8.05929E-07
7.32547E-07
8.48898E-07
7.95639E-07
8.2332E-07
8.18773E-07
8.17285E-07
7.47407E-07
6.81353E-07
8.71009E-07
7.38502E-07
7.33394E-07
8.27816E-07
7.32864E-07
7.72557E-07
7.76637E-07
8.19076E-07
7.81383E-07
6.50865E-07
8.82009E-07
8.55176E-07
7.80245E-07
7.99675E-07
8.34739E-07
7.61296E-07
7.44906E-07
7.63367E-07
7.29697E-07
7.48764E-07
7.76126E-07
7.69216E-07
7.97972E-07
7.34047E-07
7.94146E-07
8.72063E-07
7.34887E-07
7.53202E-07
8.17344E-07
7.81252E-07
8.26074E-07
7.73704E-07
7.87789E-07
7.22477E-07
7.76026E-07
8.83005E-07
7.57464E-07
8.52072E-07
7.25244E-07
6.90007E-07
7.07533E-07
9.13331E-07
7.94718E-07
8.01885E-07
7.5177E-07
7.46192E-07
7.69154E-07
7.48589E-07
7.25907E-07
7.89798E-07
6.69023E-07
7.26322E-07
8.23278E-07
8.55017E-07
7.12667E-07
7.78708E-07
7.57241E-07
6.49524E-07
7.59943E-07
6.96852E-07
6.42832E-07
7.45187E-07
6.67537E-07
8.26891E-07
7.3375E-07
6.81944E-07
6.83061E-07
7.22361E-07
7.63672E-07
7.92467E-07
6.47531E-07
7.82558E-07
7.3549E-07
7.27607E-07
7.50772E-07
7.6485E-07
7.61592E-07
7.68381E-07
7.14424E-07
6.35495E-07
7.36931E-07
7.39018E-07
6.77756E-07
7.49163E-07
8.59818E-07
7.32289E-07
7.92702E-07
8.04841E-07
8.30407E-07
7.53155E-07
7.59827E-07
7.08134E-07
6.78802E-07
7.61692E-07
7.56491E-07
6.79564E-07
6.46224E-07
8.0299E-07
6.72878E-07
7.14512E-07
6.86412E-07
7.20005E-07
6.76257E-07
7.63995E-07
7.0491E-07
7.32212E-07
7.19304E-07
7.27703E-07
7.45148E-07
8.0117E-07
7.00589E-07
8.28941E-07
6.26966E-07
7.91351E-07
7.31538E-07
7.48636E-07
6.78883E-07
7.34944E-07
7.82081E-07
7.87854E-07
7.78364E-07
7.6702E-07
6.84517E-07
7.14651E-07
7.2895E-07
6.90876E-07
6.89754E-07
5.9067E-07
6.8385E-07
6.52967E-07
7.71086E-07
7.26149E-07
7.31588E-07
7.38019E-07
6.74546E-07
6.17568E-07
7.29018E-07
8.02454E-07
7.60751E-07
7.3111E-07
1.34505E-06
5.36753E-06
1.88475E-05
6.10019E-05
0.000158255
0.000346176
0.000653791
0.001104974
0.001744248
0.002486068
0.003384136
0.004403768
0.005551186
0.006880913
0.0084165
0.010192363
0.012021699
0.013934143
0.015765107
0.017303762
0.018215595
0.018208657
0.017415962
0.015809095
0.013718616
0.011567992
0.009465838
0.007706737
0.006260537
0.005137945
0.004226357
0.003537916
0.003005097
0.002568769
0.00221907
0.001929949
0.001678248
0.001459034
0.001268815
0.001117609
0.000940959
0.000825728
0.000728823
0.000643943
0.000566759
0.000499008
0.000437399
0.000392349
0.000343474
0.000305566
0.000267126
0.000239296
0.00021239
0.000190366
0.00016785
0.000149855
0.000133849
0.000117637
0.000104374
9.5996E-05
8.59529E-05
7.62621E-05
6.861E-05
6.24761E-05
5.67209E-05
5.04055E-05
4.73141E-05
4.15238E-05
3.80325E-05
3.35734E-05
3.06852E-05
2.93892E-05
2.68848E-05
2.47174E-05
2.23463E-05
2.09386E-05
1.88725E-05
1.84513E-05
1.66864E-05
1.57369E-05
1.42268E-05
1.36476E-05
1.31852E-05
1.27077E-05
1.13956E-05
1.04449E-05
1.03801E-05
9.88183E-06
9.10908E-06
9.19994E-06
8.91667E-06
8.07208E-06
7.64846E-06
7.41357E-06
7.37832E-06
7.55118E-06
6.91086E-06
6.78979E-06
6.46769E-06
6.41731E-06
6.51236E-06
5.96225E-06
5.71528E-06
5.71516E-06
5.46808E-06
5.49775E-06
5.18953E-06
4.96674E-06
4.93346E-06
4.93875E-06
4.80899E-06
4.60378E-06
4.5873E-06
4.55586E-06
4.37374E-06
4.19141E-06
4.21661E-06
4.23891E-06
4.40915E-06
4.16566E-06
3.80195E-06
4.00217E-06
3.60305E-06
3.66439E-06
3.62392E-06
4.07739E-06
3.41621E-06
3.60812E-06
3.54975E-06
3.35795E-06
3.55065E-06
3.53013E-06
3.33522E-06
3.4084E-06
3.58895E-06
3.06562E-06
3.1156E-06
3.11641E-06
3.25393E-06
3.04173E-06
2.9555E-06
3.07742E-06
2.99068E-06
2.9264E-06
3.04761E-06
2.75695E-06
2.79185E-06
2.87373E-06
2.86025E-06
2.79991E-06
2.9275E-06
2.50068E-06
2.74731E-06
2.60273E-06
2.68181E-06
2.49276E-06
2.57919E-06
2.55582E-06
2.51058E-06
2.78551E-06
2.59657E-06
2.50294E-06
2.49128E-06
2.49666E-06
2.57777E-06
2.3899E-06
2.47489E-06
2.45915E-06
2.39238E-06
2.35355E-06
2.27304E-06
2.18082E-06
2.38364E-06
2.21294E-06
2.32158E-06
2.15661E-06
2.23451E-06
2.15077E-06
2.08522E-06
2.20186E-06
2.18145E-06
2.27372E-06
2.06003E-06
2.18644E-06
2.22237E-06
2.13527E-06
2.03779E-06
1.97685E-06
1.94363E-06
2.14846E-06
1.92076E-06
1.84123E-06
1.89562E-06
2.04386E-06
1.95884E-06
2.11687E-06
2.0944E-06
2.12263E-06
1.7068E-06
1.85046E-06
1.97241E-06
2.00887E-06
1.88617E-06
1.93287E-06
1.91065E-06
1.8584E-06
1.88883E-06
1.79833E-06
1.78444E-06
1.8991E-06
1.79443E-06
1.75028E-06
1.68649E-06
1.77317E-06
1.73561E-06
1.70976E-06
1.78684E-06
1.68295E-06
1.74875E-06
1.69667E-06
1.77097E-06
1.60933E-06
1.6839E-06
1.82028E-06
1.40861E-06
1.75174E-06
1.6084E-06
1.55751E-06
1.57294E-06
1.584E-06
1.65939E-06
1.57748E-06
1.54638E-06
1.66965E-06
1.56315E-06
1.55926E-06
1.61935E-06
1.77325E-06
1.6891E-06
1.61311E-06
1.40094E-06
1.79652E-06
1.54432E-06
1.5892E-06
1.42938E-06
1.41693E-06
1.43202E-06
1.46483E-06
1.45091E-06
1.53382E-06
1.65064E-06
1.72825E-06
1.58379E-06
1.50773E-06
1.52292E-06
1.45268E-06
1.43512E-06
1.47942E-06
1.37461E-06
1.48198E-06
1.41698E-06
1.37685E-06
1.45828E-06
1.4963E-06
1.42265E-06
1.52177E-06
1.43078E-06
1.46127E-06
1.37644E-06
1.48202E-06
1.44554E-06
1.32564E-06
1.31766E-06
1.31976E-06
1.47163E-06
1.43655E-06
1.62638E-06
1.3344E-06
1.41928E-06
1.47886E-06
1.34274E-06
1.39027E-06
1.36254E-06
1.56901E-06
1.28244E-06
1.30557E-06
1.27292E-06
1.25823E-06
1.31038E-06
1.33345E-06
1.43949E-06
1.32395E-06
1.28977E-06
1.40682E-06
1.20481E-06
1.37264E-06
1.17486E-06
1.40041E-06
1.19625E-06
1.18477E-06
1.34203E-06
1.31518E-06
1.32994E-06
1.32453E-06
1.33104E-06
1.36376E-06
1.36251E-06
1.3472E-06
1.26368E-06
1.24186E-06
1.26635E-06
1.21179E-06
1.15681E-06
1.13112E-06
1.12949E-06
1.21574E-06
1.34497E-06
1.26309E-06
1.16005E-06
1.2828E-06
1.38803E-06
1.31104E-06
1.29099E-06
1.41471E-06
1.18802E-06
1.32799E-06
1.3595E-06
1.1038E-06
1.2078E-06
1.23332E-06
1.29753E-06
1.13347E-06
1.26756E-06
1.16442E-06
1.34844E-06
1.14856E-06
1.17035E-06
1.18723E-06
1.16682E-06
1.31828E-06
1.15636E-06
1.20078E-06
1.2923E-06
1.1317E-06
1.17112E-06
1.19603E-06
1.25346E-06
1.05797E-06
1.15993E-06
1.08128E-06
1.14586E-06
1.09693E-06
1.21757E-06
1.17836E-06
1.24338E-06
1.2074E-06
1.24262E-06
1.06623E-06
1.11531E-06
1.14647E-06
1.02855E-06
1.24371E-06
1.08406E-06
1.12614E-06
1.09227E-06
1.01798E-06
1.17135E-06
1.22312E-06
1.1688E-06
1.15079E-06
1.08129E-06
1.19148E-06
1.16771E-06
1.12277E-06
1.24441E-06
1.02727E-06
1.2153E-06
1.08394E-06
1.15251E-06
1.14026E-06
1.23123E-06
1.10669E-06
1.08338E-06
1.21006E-06
1.17664E-06
1.10548E-06
1.11384E-06
1.18426E-06
1.12975E-06
1.11416E-06
1.11316E-06
1.15773E-06
1.04395E-06
9.82248E-07
1.07811E-06
1.08532E-06
1.08249E-06
1.20066E-06
1.07167E-06
1.10353E-06
1.06602E-06
9.7859E-07
1.12217E-06
1.06217E-06
1.2113E-06
1.16776E-06
1.072E-06
9.87872E-07
1.08199E-06
1.04904E-06
1.07993E-06
1.13149E-06
1.15508E-06
1.0778E-06
1.04424E-06
1.04044E-06
9.80267E-07
1.01872E-06
1.11602E-06
1.03169E-06
1.07095E-06
9.60957E-07
9.71471E-07
1.09656E-06
9.25422E-07
1.09439E-06
9.99077E-07
1.07238E-06
9.16645E-07
9.17911E-07
9.6647E-07
1.10704E-06
1.13888E-06
1.06534E-06
1.05079E-06
9.91346E-07
1.018E-06
9.37444E-07
1.06707E-06
9.75333E-07
1.08214E-06
1.11907E-06
9.70758E-07
1.03765E-06
1.05114E-06
9.31054E-07
1.03219E-06
1.02804E-06
9.20871E-07
9.98762E-07
1.04992E-06
1.04202E-06
9.75454E-07
9.58583E-07
1.09362E-06
9.71353E-07
1.09066E-06
8.61607E-07
9.68736E-07
9.29736E-07
9.79796E-07
9.48401E-07
9.94341E-07
1.00729E-06
9.03758E-07
9.97772E-07
1.00344E-06
9.45087E-07
9.83544E-07
9.20302E-07
9.53357E-07
1.01214E-06
9.11356E-07
9.95543E-07
9.82099E-07
1.07032E-06
1.05642E-06
9.84867E-07
9.80574E-07
9.88712E-07
9.15844E-07
9.18942E-07
1.0167E-06
9.93187E-07
1.07609E-06
1.06764E-06
9.6972E-07
9.47119E-07
1.02622E-06
9.92306E-07
1.04133E-06
8.2436E-07
1.09098E-06
9.85064E-07
1.01168E-06
9.17846E-07
9.89582E-07
9.80993E-07
8.86269E-07
8.90051E-07
9.77313E-07
7.66596E-07
1.05514E-06
9.07022E-07
9.13046E-07
1.06746E-06
9.95866E-07
9.59041E-07
9.95166E-07
9.9407E-07
9.03821E-07
9.0711E-07
9.76613E-07
9.28793E-07
8.23307E-07
8.77819E-07
9.52519E-07
1.07392E-06
9.11387E-07
8.37342E-07
9.17386E-07
9.33319E-07
8.86099E-07
9.32267E-07
9.15001E-07
9.1953E-07
9.09649E-07
9.59983E-07
9.24527E-07
8.77589E-07
8.9411E-07
9.34236E-07
8.59837E-07
9.08697E-07
8.26481E-07
9.39972E-07
1.02428E-06
9.70915E-07
8.01927E-07
9.57989E-07
8.09707E-07
1.01522E-06
9.3246E-07
9.95435E-07
8.90427E-07
8.28399E-07
8.74727E-07
9.27755E-07
8.48966E-07
8.83875E-07
9.19554E-07
9.09076E-07
8.37547E-07
8.58412E-07
8.24868E-07
1.0834E-06
9.12445E-07
8.31637E-07
8.55048E-07
9.99294E-07
8.60607E-07
9.03666E-07
9.28164E-07
9.26766E-07
8.45911E-07
9.93519E-07
8.07066E-07
7.82382E-07
9.41655E-07
9.30662E-07
8.57824E-07
8.06116E-07
8.60448E-07
9.86666E-07
9.13475E-07
9.63477E-07
1.00909E-06
9.34137E-07
8.23957E-07
8.46353E-07
9.06348E-07
9.57824E-07
8.9873E-07
9.97993E-07
1.05607E-06
9.17518E-07
8.3511E-07
8.81946E-07
8.58653E-07
1.01695E-06
9.23489E-07
9.16766E-07
8.77647E-07
9.13914E-07
8.68376E-07
7.81378E-07
9.01306E-07
9.14284E-07
8.34916E-07
8.99833E-07
9.17623E-07
9.19599E-07
8.75165E-07
8.29454E-07
8.74523E-07
8.01257E-07
8.83346E-07
9.1285E-07
8.23846E-07
9.20108E-07
7.41422E-07
9.59238E-07
8.44674E-07
7.82514E-07
8.81826E-07
8.45583E-07
9.09216E-07
8.40916E-07
8.35369E-07
8.52598E-07
8.75373E-07
8.28264E-07
9.20987E-07
7.21599E-07
8.07522E-07
8.30543E-07
1.00754E-06
7.90777E-07
9.66779E-07
8.759E-07
9.1759E-07
8.81429E-07
8.6032E-07
8.2291E-07
8.37293E-07
9.1104E-07
7.88228E-07
8.88262E-07
8.73643E-07
8.77598E-07
8.65189E-07
7.36713E-07
9.24049E-07
9.03196E-07
8.56372E-07
7.85767E-07
8.20872E-07
7.75231E-07
8.72295E-07
8.3667E-07
8.82779E-07
8.91598E-07
8.64435E-07
7.92524E-07
9.2223E-07
7.83097E-07
8.06141E-07
8.97851E-07
8.78884E-07
9.66085E-07
8.77063E-07
8.33537E-07
8.69835E-07
8.81463E-07
9.14818E-07
8.95291E-07
8.11987E-07
8.44424E-07
8.92329E-07
7.86473E-07
9.06076E-07
8.24649E-07
8.73239E-07
7.73898E-07
8.88017E-07
7.47311E-07
8.06586E-07
8.86799E-07
8.07641E-07
9.04699E-07
8.76545E-07
8.18724E-07
8.7419E-07
7.84167E-07
8.23828E-07
8.89215E-07
8.08412E-07
8.13634E-07
8.68498E-07
8.80201E-07
9.40098E-07
8.51292E-07
9.1596E-07
9.2896E-07
8.68087E-07
7.77697E-07
9.45523E-07
7.5602E-07
7.94321E-07
7.74643E-07
8.28852E-07
8.81435E-07
7.93532E-07
8.68147E-07
8.74859E-07
8.57407E-07
7.8212E-07
8.86364E-07
8.57232E-07
9.1347E-07
7.29057E-07
8.87998E-07
8.12264E-07
7.5668E-07
7.82509E-07
7.87701E-07
8.25312E-07
9.35674E-07
8.22598E-07
9.27678E-07
8.50087E-07
8.70428E-07
6.76185E-07
9.01443E-07
7.86119E-07
8.13246E-07
7.2989E-07
7.62506E-07
7.93404E-07
8.33216E-07
9.12286E-07
9.00101E-07
8.70604E-07
8.84904E-07
7.42316E-07
8.77002E-07
8.21358E-07
8.60491E-07
8.40457E-07
7.59814E-07
8.00834E-07
7.21774E-07
8.6106E-07
8.02712E-07
7.17109E-07
7.55466E-07
8.8917E-07
8.47512E-07
6.76561E-07
8.1789E-07
8.42176E-07
7.67832E-07
7.85112E-07
8.46216E-07
8.44748E-07
8.57727E-07
9.55151E-07
7.88269E-07
7.39702E-07
7.76619E-07
7.88511E-07
8.02499E-07
7.49579E-07
8.35968E-07
9.07577E-07
8.4601E-07
9.1519E-07
8.92175E-07
7.13225E-07
8.66104E-07
7.46439E-07
8.07886E-07
8.10364E-07
8.78875E-07
8.35792E-07
7.70501E-07
8.24167E-07
6.9374E-07
7.24233E-07
8.25747E-07
8.24022E-07
8.30252E-07
8.01329E-07
6.95087E-07
7.80277E-07
7.76476E-07
8.28596E-07
7.97829E-07
8.07909E-07
8.15783E-07
8.00682E-07
7.80336E-07
8.31179E-07
7.91787E-07
7.76261E-07
7.44452E-07
8.11857E-07
7.6643E-07
8.10072E-07
7.44346E-07
7.88707E-07
8.0875E-07
7.89417E-07
7.90199E-07
8.06331E-07
8.53637E-07
9.05511E-07
7.63287E-07
7.31207E-07
8.73411E-07
7.72651E-07
8.42526E-07
8.21815E-07
8.21833E-07
6.68065E-07
9.15568E-07
8.10022E-07
7.34993E-07
8.44529E-07
7.29102E-07
7.84671E-07
8.74873E-07
8.14148E-07
7.6738E-07
7.87108E-07
7.87897E-07
7.65716E-07
7.46825E-07
7.05852E-07
7.73743E-07
7.92314E-07
7.98772E-07
9.14857E-07
7.59637E-07
7.53231E-07
6.94748E-07
7.99454E-07
7.59463E-07
7.07026E-07
7.16869E-07
7.88356E-07
7.94142E-07
8.09429E-07
7.22046E-07
8.44705E-07
7.96998E-07
7.93708E-07
8.40952E-07
7.65121E-07
7.69636E-07
6.55169E-07
7.39084E-07
7.98068E-07
7.76527E-07
6.94504E-07
8.81217E-07
7.296E-07
9.13552E-07
7.11148E-07
8.21697E-07
7.68961E-07
7.09163E-07
8.51534E-07
8.55366E-07
7.67963E-07
7.46882E-07
8.31207E-07
8.38142E-07
8.26205E-07
8.78291E-07
7.44906E-07
8.07616E-07
7.92214E-07
7.47813E-07
6.90396E-07
6.60778E-07
8.13915E-07
8.17636E-07
7.43127E-07
7.20012E-07
6.65708E-07
7.29357E-07
7.59665E-07
7.59586E-07
7.88679E-07
7.84246E-07
7.39293E-07
8.51885E-07
7.33591E-07
7.42027E-07
7.93755E-07
7.26348E-07
6.98661E-07
8.19855E-07
6.98948E-07
6.63989E-07
6.91279E-07
7.83448E-07
8.18076E-07
7.46575E-07
6.74717E-07
7.41756E-07
7.57953E-07
7.80415E-07
7.32534E-07
7.19298E-07
7.91691E-07
7.81173E-07
7.72174E-07
7.66769E-07
6.2336E-07
8.00918E-07
7.35273E-07
7.49598E-07
8.76185E-07
7.80632E-07
7.70712E-07
7.90421E-07
8.00423E-07
8.27424E-07
8.03645E-07
7.63068E-07
7.94106E-07
8.2057E-07
8.13231E-07
7.86255E-07
8.31331E-07
7.31946E-07
8.33967E-07
6.75148E-07
7.31431E-07
7.35688E-07
7.17293E-07
7.19233E-07
8.64927E-07
7.97088E-07
7.05853E-07
8.05663E-07
7.27944E-07
7.28876E-07
7.95805E-07
6.69498E-07
8.02223E-07
7.12716E-07
6.53918E-07
7.1691E-07
7.61417E-07
7.50844E-07
7.06039E-07
8.60268E-07
6.73117E-07
8.92664E-07
8.5436E-07
6.9965E-07
6.96606E-07
7.22748E-07
8.31564E-07
7.19239E-07
7.92833E-07
7.83003E-07
7.80539E-07
6.92677E-07
7.17162E-07
