0
0.594
1.187
1.781
2.359
2.953
3.547
4.125
4.719
5.312
5.89
6.469
7.047
7.625
8.203
8.781
9.375
9.953
10.531
11.125
11.703
12.281
12.859
13.437
14.015
14.594
15.172
15.75
16.344
16.937
17.531
18.109
18.687
19.265
19.859
20.437
21.015
21.609
22.172
22.765
23.344
23.922
24.515
25.109
25.687
26.25
26.828
27.422
28
28.578
29.172
29.75
30.344
30.922
31.5
32.094
32.672
33.25
33.828
34.406
35
35.578
36.156
36.75
37.344
37.937
38.515
39.094
39.687
40.265
40.844
41.437
42.031
42.625
43.203
43.797
44.375
44.953
45.531
46.125
46.703
47.281
47.875
48.453
49.031
49.625
50.203
50.781
51.375
51.953
52.531
53.109
53.703
54.281
54.859
55.453
56.031
56.609
57.187
57.765
58.359
58.937
59.515
60.094
60.672
61.234
61.812
62.406
62.984
63.562
64.14
64.719
65.328
65.906
66.469
67.047
67.64
68.219
68.781
69.359
69.937
70.531
71.109
71.687
72.25
72.828
73.406
73.984
74.547
75.14
75.719
76.297
76.89
77.469
78.047
78.625
79.203
79.797
80.375
80.953
81.531
82.109
82.703
83.297
83.89
84.469
85.062
85.64
86.234
86.828
87.406
88
88.578
89.156
89.75
90.328
90.906
91.484
92.062
92.656
93.234
93.812
94.406
94.984
95.562
96.156
96.734
97.312
97.906
98.469
99.062
99.64
100.234
100.812
101.39
101.984
102.562
103.14
103.734
104.344
104.922
105.5
106.078
106.656
107.25
107.844
108.422
109
109.578
110.156
110.75
111.328
111.906
112.484
113.078
113.656
114.234
114.828
115.406
115.984
116.562
117.14
117.719
118.312
118.89
119.469
120.062
120.656
121.234
121.812
122.39
122.969
123.562
124.14
124.719
125.297
125.89
126.469
127.047
127.64
128.219
128.797
129.39
129.969
130.547
131.125
131.719
132.312
132.922
133.515
134.109
134.687
135.265
135.859
136.453
137.047
137.625
138.219
138.797
139.375
139.953
140.531
141.109
141.687
142.312
142.89
143.484
144.062
144.656
145.234
145.812
146.406
146.984
147.562
148.14
148.719
149.344
149.937
150.515
151.109
151.703
152.281
152.859
153.437
154.015
154.594
155.187
155.765
156.344
156.937
157.515
158.094
158.672
159.25
159.844
160.422
161
161.594
162.172
162.75
163.344
163.922
164.5
165.094
165.672
166.25
166.844
167.422
168
168.578
169.156
169.734
170.375
170.969
171.547
172.14
172.719
173.328
173.922
174.5
175.078
175.656
176.25
176.812
177.39
177.969
178.562
179.14
179.719
180.312
180.906
181.484
182.078
182.656
183.25
183.844
184.422
185
185.594
186.187
186.781
187.359
187.937
188.515
189.109
189.687
190.265
190.859
191.437
192.015
192.609
193.187
193.765
194.344
194.937
195.515
196.094
196.687
197.265
197.844
198.437
199.015
199.594
200.187
200.765
201.359
201.953
202.547
203.125
203.719
204.297
204.906
205.484
206.062
206.64
207.219
207.812
208.39
208.969
209.562
210.156
210.75
211.328
211.906
212.5
213.078
213.656
214.234
214.828
215.406
215.984
216.562
217.156
217.734
218.312
218.89
219.484
220.062
220.64
221.219
221.812
222.39
222.969
223.562
224.14
224.719
225.312
225.89
226.484
227.078
227.672
228.25
228.828
229.422
230
230.578
231.172
231.75
232.328
232.922
233.5
234.078
234.656
235.25
235.828
236.406
236.984
237.578
238.156
238.734
239.312
239.89
240.484
241.062
241.64
242.234
242.812
243.39
243.969
244.562
245.14
245.719
246.312
246.89
247.469
248.047
248.625
249.219
249.797
250.375
250.953
251.547
252.125
252.719
253.328
253.906
254.484
255.062
255.656
256.234
256.812
257.406
257.984
258.562
259.156
259.734
260.328
260.922
261.515
262.094
262.672
263.265
263.844
264.422
265.015
265.594
266.172
266.75
267.328
267.906
268.5
269.078
269.656
270.25
270.828
271.406
272
272.578
273.156
273.734
274.312
274.906
275.484
276.062
276.656
277.234
277.812
278.39
278.969
279.562
280.14
280.719
281.312
281.89
282.469
283.062
283.64
284.219
284.797
285.39
285.969
286.547
287.14
287.719
288.344
288.937
289.531
290.109
290.687
291.281
291.859
292.437
293.015
293.594
294.172
294.765
295.344
295.922
296.515
297.094
297.672
298.25
298.828
299.422
300.015
300.594
301.187
301.781
302.359
302.937
303.515
304.094
304.687
305.265
305.859
306.437
307.015
307.594
308.187
308.75
309.328
309.906
310.484
311.062
311.656
312.234
312.828
313.406
313.984
314.562
315.156
315.734
316.344
316.922
317.515
318.094
318.672
319.265
319.844
320.422
321.015
321.594
322.172
322.75
323.344
323.922
324.5
325.078
325.672
326.25
326.828
327.406
328
328.578
329.156
329.734
330.328
330.922
331.5
332.094
332.672
333.25
333.844
334.422
335.015
335.594
336.172
336.765
337.344
337.922
338.5
339.078
339.672
340.25
340.828
341.422
342
342.578
343.156
343.75
344.328
344.906
345.5
346.078
346.656
347.25
347.828
348.406
349
349.594
350.172
350.765
351.344
351.937
352.515
353.094
353.672
354.265
354.859
355.469
356.047
356.625
357.203
357.781
358.359
358.937
359.531
360.109
360.703
361.281
361.859
362.437
363.015
363.609
364.187
364.765
365.344
365.937
366.515
367.094
367.687
368.265
368.859
369.453
370.031
370.625
371.203
371.781
372.375
372.953
373.531
374.125
374.703
375.281
375.875
376.453
377.031
377.625
378.203
378.781
379.375
379.953
380.531
381.109
381.703
382.281
382.859
383.437
384.031
384.609
385.203
385.781
386.359
386.937
387.515
388.094
388.672
389.25
389.859
390.437
391.031
391.609
392.203
392.781
393.375
393.953
394.531
395.125
395.719
396.328
396.937
397.515
398.094
398.672
399.25
399.828
400.422
401
401.578
402.172
402.765
403.359
403.937
404.515
405.109
405.687
406.265
406.859
407.437
408.015
408.625
409.203
409.797
410.375
410.969
411.547
412.125
412.703
413.281
413.875
414.453
415.031
415.625
416.203
416.781
417.375
417.953
418.547
419.125
419.703
420.281
420.875
421.453
422.031
422.625
423.203
423.781
424.359
424.937
425.515
426.094
426.687
427.265
427.844
428.437
429.015
429.594
430.172
430.75
431.344
431.922
432.5
433.094
433.672
434.25
434.844
435.422
436
436.578
437.172
437.75
438.344
438.922
439.5
440.078
440.672
441.25
441.828
442.406
443
443.578
444.172
444.75
445.344
445.922
446.515
447.109
447.687
448.265
448.844
449.437
450.015
450.594
451.187
451.765
452.344
452.922
453.5
454.078
454.672
455.25
455.828
456.422
457
457.578
458.156
458.75
459.328
459.906
460.484
461.078
461.656
462.234
462.828
463.422
464.015
464.594
465.187
465.765
466.344
466.937
467.515
468.094
468.703
469.297
469.875
470.453
471.031
471.625
472.203
472.797
473.375
473.953
474.531
475.125
475.703
476.281
476.859
477.453
478.015
478.594
479.156
479.75
480.312
480.875
481.437
482.015
482.594
483.156
483.734
484.297
484.875
485.437
486.015
486.594
487.172
487.734
488.312
488.89
489.453
490.031
490.594
491.172
491.734
492.344
492.922
493.5
494.078
494.656
495.234
495.828
496.406
496.984
497.562
498.14
498.719
499.312
499.89
500.469
501.062
501.64
502.219
502.797
503.39
503.969
504.547
505.14
505.719
506.344
506.937
507.515
508.109
508.687
509.281
509.859
510.437
511.015
511.609
512.187
512.781
513.375
513.953
514.547
515.125
515.719
516.328
516.922
517.515
518.109
518.687
519.265
519.844
520.437
521.031
521.625
522.219
522.797
523.375
523.953
524.531
525.109
525.703
526.281
526.859
527.453
528.031
528.625
529.203
529.781
530.359
530.937
531.515
532.109
532.687
533.265
533.844
534.422
535.015
535.594
536.172
536.765
537.344
537.922
538.515
539.094
539.687
540.265
540.859
541.453
542.031
542.625
543.203
543.781
544.359
544.953
545.531
546.109
546.703
547.281
547.859
548.453
549.031
549.609
550.187
550.781
551.359
551.937
552.531
553.109
553.703
554.281
554.875
555.469
556.047
556.625
557.219
557.797
558.39
558.984
559.562
560.156
560.75
561.328
561.922
562.5
563.094
563.672
564.25
564.859
565.437
566.031
566.609
567.203
567.781
568.359
568.953
569.531
570.109
570.687
571.265
571.859
572.437
573.015
573.594
574.187
574.765
575.344
575.937
576.515
577.094
577.687
578.265
578.844
579.437
580.047
580.64
581.234
581.812
582.406
582.984
583.562
584.156
584.734
585.312
585.906
586.484
587.062
587.64
588.219
588.812
589.406
589.984
590.562
591.14
591.719
592.344
592.922
593.5
594.078
594.656
595.25
595.828
596.422
597
597.578
598.156
598.734
599.312
599.906
600.484
601.062
601.64
602.234
602.812
603.39
603.969
604.562
605.14
605.719
606.312
606.89
607.469
608.062
608.64
609.219
609.812
610.39
610.969
611.547
612.14
612.719
613.297
613.89
614.469
615.047
615.609
616.203
616.797
617.375
617.969
618.547
619.125
619.703
620.297
620.875
621.453
622.031
622.609
623.203
623.781
624.359
624.969
625.547
626.14
626.719
627.297
627.875
628.469
629.047
629.625
630.219
630.797
631.375
631.969
632.547
633.125
633.703
634.297
634.875
635.453
636.047
636.625
637.203
637.781
638.375
638.953
639.547
640.125
640.703
641.281
641.875
642.453
643.031
643.609
644.203
644.781
645.359
645.937
646.515
647.094
647.672
648.265
648.875
649.453
650.031
650.609
651.187
651.765
652.344
652.937
653.515
654.094
654.672
655.265
655.844
656.422
657.015
657.594
658.172
658.75
659.344
659.922
660.5
661.094
661.672
662.25
662.828
663.422
664.015
664.609
665.187
665.781
666.359
666.937
667.515
668.109
668.687
669.281
669.859
670.437
671.015
671.609
672.187
672.781
673.359
673.937
674.531
675.109
675.703
676.281
676.875
677.453
678.031
678.625
679.203
679.797
680.375
680.969
681.547
682.125
682.719
683.328
683.922
684.5
685.078
685.656
686.25
686.828
687.406
688
688.578
689.172
689.765
690.359
690.937
691.515
692.094
692.672
693.265
693.844
694.422
695.015
695.609
696.203
696.797
697.375
697.969
698.562
699.14
699.719
700.312
700.89
701.484
702.062
702.64
703.234
703.812
704.39
704.984
705.562
706.14
706.734
707.328
707.906
708.5
709.094
709.672
710.25
710.828
711.406
711.984
712.578
713.156
713.734
714.328
714.937
715.515
716.094
716.687
717.265
717.844
718.422
719
719.594
720.172
720.765
721.344
721.922
722.5
723.078
723.672
724.25
724.828
725.406
726
726.578
727.156
727.75
728.328
728.906
729.5
730.078
730.656
731.25
731.828
732.406
732.984
733.578
734.156
734.734
735.328
735.922
736.515
737.094
737.672
738.265
738.844
739.422
740
740.594
741.187
741.765
742.344
742.937
743.515
744.094
744.687
745.265
745.844
746.422
747
747.578
748.156
748.734
749.328
749.906
750.484
751.078
751.656
752.234
752.812
753.406
753.984
754.562
755.14
755.734
756.312
756.89
757.484
758.062
758.64
759.234
759.812
760.39
760.984
761.578
762.156
762.75
763.344
763.937
764.531
765.109
765.703
766.281
766.859
767.437
768.015
768.609
769.203
769.781
770.359
770.937
771.5
772.094
772.687
773.265
773.859
774.422
775.015
775.594
776.172
776.75
777.344
777.922
778.5
779.078
779.687
780.265
780.859
781.437
782.031
782.609
783.187
783.765
784.359
784.937
785.515
786.109
786.687
787.265
787.859
788.437
789.015
789.609
790.187
790.765
791.359
791.937
792.515
793.094
793.687
794.281
794.875
795.453
796.047
796.625
797.203
797.781
798.375
798.953
799.547
800.125
800.719
801.312
801.89
802.469
803.047
803.625
804.219
804.812
805.39
805.969
806.547
807.125
807.703
808.297
808.875
809.453
810.031
810.625
811.203
811.797
812.39
812.969
813.547
814.125
814.703
815.281
815.875
816.453
817.031
817.609
818.203
818.781
819.359
819.953
820.531
821.109
821.703
822.281
822.859
823.453
824.031
824.609
825.187
825.765
826.359
826.937
827.515
828.094
828.687
829.281
829.859
830.437
831.015
831.594
832.172
832.75
833.344
833.922
834.5
835.094
835.672
836.25
836.828
837.422
838
838.578
839.187
839.765
840.359
840.953
841.531
842.109
842.687
843.265
843.859
844.437
845.015
845.609
846.187
846.765
847.344
847.937
848.531
849.125
849.719
850.297
850.875
851.453
852.062
852.656
853.234
853.812
854.406
854.984
855.562
856.14
856.719
857.312
857.89
858.469
859.062
859.656
860.234
860.812
861.39
861.969
862.547
863.14
863.719
864.312
864.89
865.469
866.047
866.625
867.203
867.781
868.375
868.953
869.531
870.125
870.703
871.297
871.875
872.453
873.031
873.609
874.203
874.781
875.359
875.953
876.531
877.109
877.703
878.281
878.859
879.437
880.031
880.609
881.187
881.781
882.359
882.937
883.531
884.109
884.687
885.265
885.844
886.437
887.015
887.594
888.187
888.765
889.375
889.953
890.531
891.109
891.687
892.297
892.875
893.453
894.031
894.609
895.187
895.781
896.359
896.937
897.515
898.109
898.687
899.265
899.859
900.437
901.031
901.625
902.203
902.797
903.375
903.969
904.562
905.14
905.719
906.312
906.906
907.484
908.062
908.656
909.234
909.828
910.406
910.984
911.562
912.156
912.734
913.312
913.906
914.484
915.062
915.656
916.234
916.812
917.39
917.969
918.562
919.14
919.719
920.344
920.922
921.5
922.078
922.656
923.234
923.828
924.406
925
925.578
926.156
926.719
927.312
927.89
928.484
929.062
929.64
930.219
930.812
931.39
931.969
932.562
933.14
933.719
934.328
934.922
935.5
936.109
936.703
937.312
937.89
938.469
939.047
939.64
940.219
940.797
941.39
941.969
942.547
943.14
943.719
944.297
944.89
945.469
946.047
946.625
947.203
947.797
948.375
948.969
949.547
950.125
950.703
951.265
951.859
952.453
953.031
953.609
954.187
954.765
955.359
955.953
956.547
957.125
957.719
958.312
958.89
959.469
960.047
960.64
961.219
961.797
962.375
962.953
963.547
964.125
964.703
965.297
965.875
966.453
967.047
967.625
968.203
968.781
969.375
969.953
970.531
971.125
971.703
972.281
972.875
973.469
974.062
974.64
975.219
975.812
976.39
976.953
977.547
978.14
978.719
979.297
979.875
980.453
981.047
981.625
982.219
982.797
983.375
983.953
984.547
985.125
985.703
986.297
986.875
987.453
988.031
988.609
989.203
989.781
990.359
990.937
991.531
992.109
992.687
993.281
993.859
994.437
995.031
995.609
996.187
996.781
997.359
997.937
998.515
999.109
999.687
1000.26
1000.86
1001.44
1002.01
1002.61
1003.2
1003.78
1004.37
1004.95
1005.53
1006.11
1006.69
1007.26
1007.86
1008.45
1009.03
1009.61
1010.19
1010.78
1011.36
1011.95
1012.53
1013.11
1013.69
1014.28
1014.86
1015.44
1016.01
1016.61
1017.19
1017.76
1018.34
1018.92
1019.51
1020.09
1020.69
1021.26
1021.84
1022.42
1023.01
1023.59
1024.17
1024.78
1025.37
1025.95
1026.53
1027.12
1027.7
1028.28
1028.87
1029.45
1030.03
1030.62
1031.2
1031.78
1032.36
